======================================================================
PIRATE Training - Final Errors per Window (Iter 19900)
======================================================================

Window     u_error         v_error         w_error        
----------------------------------------------------------------------
1          0.002386        0.002383        0.004596       
2          0.004212        0.004460        0.012070       
3          0.005751        0.007307        0.027660       
4          0.007416        0.012330        0.045080       
5          0.008897        0.016960        0.060820       
6          0.011060        0.020910        0.079340       
7          0.012820        0.025360        0.102400       
8          0.013960        0.027110        0.111900       
9          0.015420        0.026800        0.117100       
10         0.017400        0.026330        0.128900       
11         0.019880        0.025320        0.138400       
12         0.025670        0.025670        0.144100       
13         0.035500        0.031420        0.144900       
14         0.046590        0.043330        0.160300       
15         0.055810        0.067350        0.205500       
16         0.067140        0.103700        0.289400       
17         0.079600        0.144300        0.377500       
18         0.094330        0.170600        0.443100       
19         0.123900        0.186300        0.511600       
20         0.175400        0.220000        0.622100       
21         0.245100        0.253700        0.756300       
22         0.298200        0.286600        0.810100       
23         0.329400        0.327100        0.850600       
24         0.352300        0.326500        0.881700       
25         0.354600        0.318000        0.943400       

======================================================================
Statistics
======================================================================
u_error: mean=0.096110, min=0.002386, max=0.354600
v_error: mean=0.107994, min=0.002383, max=0.327100
w_error: mean=0.318755, min=0.004596, max=0.943400

======================================================================
Total windows: 25
======================================================================
